
386 82 107 28 26 31 27 21 22 16 26 54 2 7 4 4 2 1 7 4 6 2 1 4 6 2 2 
386 82 107 28 26 31 27 21 22 16 26 54 2 7 4 4 2 1 7 4 6 2 1 4 6 2 2 
590 122 193 100 35 25 31 26 20 22 16 56 2 4 7 4 4 2 1 6 5 6 2 1 4 6 2 
869 159 249 191 104 45 24 30 24 21 22 59 2 5 4 7 4 4 2 1 6 5 6 2 1 4 6 
1259 219 328 258 188 112 53 27 28 23 23 58 3 4 5 4 7 4 4 2 1 6 5 6 2 1 4 
1757 298 413 317 259 205 123 57 33 25 27 56 2 3 3 6 4 7 4 4 2 1 6 5 6 2 1 
2325 328 528 414 316 259 217 136 64 40 23 57 1 3 3 3 6 4 7 4 4 2 1 5 6 6 2 
2890 377 522 495 414 324 271 215 152 82 38 67 5 8 3 3 3 6 4 7 3 4 3 1 4 7 6 
3441 390 575 486 496 408 326 275 232 165 88 70 4 10 8 3 3 3 6 4 6 4 4 3 0 4 8 
3859 377 521 530 498 482 421 333 293 228 176 71 6 7 10 8 3 3 2 6 5 5 5 2 5 0 4 
4096 347 453 493 512 502 495 425 329 304 236 78 8 8 8 10 7 4 3 2 4 6 6 5 2 5 0 
4226 339 400 438 477 501 507 499 423 338 304 90 6 15 7 7 12 5 5 4 2 4 6 4 7 1 5 
4302 360 389 378 423 469 508 509 500 416 350 92 3 10 14 5 9 10 7 4 6 2 4 6 3 7 2 
4313 363 395 372 365 426 466 497 503 507 419 101 5 7 12 12 6 7 13 6 5 6 2 3 6 4 7 
4250 359 401 378 370 350 427 468 485 497 515 105 4 12 7 10 13 7 5 13 8 5 6 1 2 8 4 
4124 385 427 376 363 365 352 420 465 477 494 120 8 14 12 7 9 13 8 5 11 10 6 6 1 2 8 
4057 413 450 398 370 364 364 344 428 467 459 124 4 15 12 14 8 8 14 8 5 9 10 8 6 0 3 
4030 414 476 431 388 357 355 369 352 420 468 134 5 12 14 13 14 8 8 13 9 5 9 10 7 7 0 
3991 421 483 452 436 375 352 352 366 353 401 155 11 12 15 14 12 12 10 8 12 10 6 9 7 10 7 
4011 388 507 459 445 419 381 344 364 357 347 172 15 20 12 13 14 15 11 10 8 11 12 5 9 7 10 
4071 376 473 476 437 448 407 400 329 363 362 191 12 33 19 12 13 13 13 13 10 8 13 11 6 9 6 
4063 362 430 450 472 423 441 398 405 323 359 205 10 21 31 22 11 13 14 13 10 12 9 10 13 6 10 
4058 361 425 407 440 451 427 437 400 392 318 222 16 22 21 31 23 9 15 11 15 9 14 9 9 13 5 
4048 363 396 392 394 420 449 418 446 389 381 250 16 30 23 23 26 24 11 16 11 15 10 14 7 11 13 
3980 340 409 371 386 384 411 432 421 436 390 268 16 31 29 21 26 26 23 10 18 11 15 10 13 8 11 
3889 355 372 378 357 382 381 397 429 412 426 282 12 30 31 26 23 26 23 24 13 17 11 13 13 13 7 
3796 370 401 347 376 352 358 379 386 413 414 314 19 31 29 32 25 23 26 24 23 13 19 9 15 12 14 
3719 355 413 387 331 375 339 361 378 366 414 335 13 39 32 29 30 27 24 24 23 25 12 20 9 16 12 
3664 373 410 390 367 317 382 341 347 363 374 351 17 22 37 31 34 29 24 26 26 22 24 14 20 9 16 
3598 358 418 385 374 360 311 366 336 337 353 372 20 33 23 35 29 36 31 23 26 25 22 26 13 21 9 
3576 369 399 390 387 353 353 317 348 329 331 399 15 40 32 22 38 26 38 30 24 24 27 22 27 13 21 
3543 349 416 378 368 382 347 340 316 336 311 416 18 34 39 31 23 38 25 35 36 24 23 27 22 28 13 
3522 345 382 388 366 345 389 337 329 307 334 440 19 36 35 39 30 21 38 28 31 39 24 23 28 21 28 
3466 337 375 355 377 362 334 384 322 324 296 456 26 38 30 37 40 33 18 41 24 34 38 25 24 28 20 
3411 331 356 353 331 369 338 345 354 326 308 477 11 56 36 28 37 42 32 21 40 23 36 34 28 25 28 
3341 340 348 327 336 309 361 331 337 340 312 497 22 36 53 36 29 38 43 32 22 39 23 35 34 29 26 
3264 327 358 315 321 307 313 356 313 323 331 522 24 49 36 50 39 28 38 41 33 22 41 23 34 35 29 
3193 323 350 338 293 307 309 304 344 315 310 538 18 50 50 35 49 40 28 35 43 33 23 41 24 34 35 
3116 326 344 308 323 284 297 306 288 330 310 540 19 36 46 48 40 51 39 28 34 40 38 22 42 24 33 
3074 335 355 317 297 318 282 292 278 289 311 551 23 40 33 47 46 43 49 41 27 35 40 39 20 44 24 
2979 317 354 322 297 288 302 277 278 276 268 580 27 47 40 31 48 47 41 51 40 27 37 40 39 20 45 
2921 298 351 319 301 286 281 288 260 272 265 593 28 57 45 41 30 48 45 44 50 41 28 36 41 39 20 
2860 289 323 313 305 294 274 276 273 249 264 625 25 55 51 49 39 33 48 45 44 49 42 29 35 41 40 
2837 315 325 291 289 279 291 268 274 273 232 619 20 39 52 53 50 40 31 47 45 44 52 42 29 34 41 
2796 292 324 289 284 271 283 273 258 262 260 635 25 50 39 48 55 54 39 31 46 46 44 52 41 30 35 
2734 284 314 289 275 266 270 276 264 252 244 652 28 48 47 43 47 53 55 40 31 47 45 43 53 41 31 
2641 264 307 272 274 257 253 269 263 236 246 699 40 65 44 50 42 47 52 54 45 30 46 46 44 53 41 
2543 271 263 271 261 244 253 246 257 259 218 718 29 71 62 46 50 41 48 51 53 46 32 46 45 44 54 
2457 276 254 236 256 252 243 236 226 243 235 711 24 51 68 62 47 50 43 47 51 54 46 33 45 46 44 
2354 248 260 247 221 238 234 241 230 200 235 727 30 53 51 68 61 47 49 44 49 50 56 46 31 47 45 
2268 255 257 233 228 222 215 229 230 210 189 736 27 57 51 51 66 63 49 46 44 52 50 55 45 33 47 
2228 249 266 240 213 215 200 221 209 219 196 748 36 47 55 52 52 65 64 49 48 44 52 49 56 44 35 
2156 235 258 230 223 202 199 210 191 201 207 762 19 65 47 52 53 54 63 66 47 49 46 50 47 58 46 
2086 222 253 232 213 211 193 197 197 178 190 765 32 37 61 51 52 52 52 63 68 45 51 47 50 46 58 
2029 216 243 219 215 209 207 183 189 184 164 753 26 51 36 61 50 51 54 51 63 69 47 50 46 52 46 
1962 196 221 217 205 199 213 191 176 173 171 757 26 48 51 37 60 49 53 54 51 59 72 47 51 47 52 
1920 213 218 192 200 190 198 207 180 163 159 756 26 49 51 49 36 61 50 53 54 51 59 71 48 52 46 
1867 203 229 188 180 184 182 190 191 164 156 761 27 48 48 53 46 38 59 52 53 55 49 61 70 49 53 
1825 203 207 203 175 181 171 178 175 173 159 737 17 37 50 44 54 50 37 58 54 53 54 50 61 70 48 
1756 183 203 183 191 170 176 158 167 170 155 739 21 48 36 50 43 50 54 38 56 56 53 55 50 61 68 
1703 167 212 177 171 176 172 176 143 148 161 719 21 47 49 35 51 43 50 53 40 52 58 55 54 50 61 
1633 188 171 179 164 164 164 163 159 139 142 704 21 46 47 47 34 50 46 48 56 40 52 58 56 54 49 
1609 169 217 159 165 148 167 153 149 150 132 699 27 38 47 45 46 32 55 44 48 57 38 54 58 57 53 
1604 192 189 193 159 157 139 158 143 137 137 683 17 46 39 47 42 46 34 53 44 51 54 39 54 60 57 
1552 168 200 163 178 159 143 129 155 132 125 675 26 39 46 39 48 40 45 37 52 41 54 53 41 54 60 
1531 171 201 167 150 168 151 124 136 142 121 664 21 52 40 45 40 47 41 46 38 51 41 55 53 40 54 
1507 168 185 179 160 132 163 152 113 116 139 656 20 47 50 42 46 39 47 41 47 37 51 42 55 50 42 
1513 197 192 174 161 149 137 152 135 110 106 655 25 35 45 52 42 45 41 45 41 49 37 51 41 56 50 
1524 190 206 172 158 155 145 131 139 128 100 651 24 47 34 42 56 42 43 44 43 43 48 36 52 41 56 
1536 181 213 185 167 142 145 140 114 130 119 633 23 39 44 37 42 52 45 44 44 43 44 48 36 52 40 
1533 184 207 190 169 155 143 145 122 102 116 641 25 45 38 45 36 45 52 44 42 46 43 43 48 37 52 
1559 196 218 183 184 156 137 148 130 108 99 633 19 49 44 40 44 37 43 51 45 44 46 41 43 50 37 
1616 196 233 188 175 170 156 133 133 119 113 632 18 38 49 41 40 41 40 46 49 45 44 45 44 42 50 
1653 211 214 195 181 171 161 158 122 128 112 631 27 38 38 47 42 43 41 40 44 51 45 43 44 46 42 
1674 199 223 200 179 167 164 160 153 106 123 635 25 47 36 38 50 39 43 42 41 43 50 48 40 46 47 
1698 205 214 202 188 171 161 161 153 142 101 629 16 49 47 35 40 49 40 41 43 39 46 49 46 43 46 
1725 177 238 197 188 181 170 149 155 145 125 634 30 36 46 49 37 38 49 42 40 43 39 46 50 46 43 
1764 210 212 217 174 190 168 169 146 143 135 634 26 47 35 46 50 37 38 48 44 39 44 39 46 50 45 
1780 205 227 182 212 161 188 166 165 133 141 633 21 48 45 35 46 50 38 36 49 45 40 44 40 45 51 
1750 194 220 199 165 203 155 183 152 149 130 625 25 39 43 45 39 44 50 40 35 51 44 41 42 42 45 
1752 194 221 200 190 153 191 153 161 151 138 622 17 50 39 39 49 37 44 49 42 35 51 44 42 40 44 
1787 226 222 196 185 188 154 180 134 150 152 634 29 43 49 39 40 47 39 43 51 39 35 54 44 41 41 
1799 217 239 194 193 175 188 146 172 137 138 635 23 48 43 46 41 41 46 39 41 52 39 36 55 44 41 
1802 211 232 227 167 188 167 185 135 159 131 645 23 49 50 43 44 40 44 42 43 38 52 42 36 55 44 
1835 221 243 201 213 166 180 155 176 137 143 649 27 42 50 51 42 44 40 45 42 42 38 52 43 36 55 
1867 220 265 221 187 200 167 170 135 168 134 643 34 40 40 53 49 40 46 38 49 42 40 41 52 42 37 
1880 213 242 241 207 189 189 162 152 132 153 645 24 51 41 39 50 50 42 46 37 48 45 39 41 53 39 
1908 226 243 227 218 192 193 186 152 143 128 649 20 46 51 41 39 47 52 43 47 35 48 45 40 41 54 
1955 229 264 214 214 197 189 184 182 143 139 641 19 47 46 51 41 36 50 52 43 48 34 47 47 40 40 
2021 225 282 233 203 211 192 175 186 170 144 645 26 35 49 43 48 45 35 52 52 43 49 33 46 49 40 
2076 269 260 246 218 193 209 188 162 176 155 658 26 53 36 47 41 49 45 37 53 50 43 49 35 46 48 
2077 235 302 228 223 206 188 189 188 148 170 663 30 49 52 37 46 40 49 47 38 50 52 44 49 35 45 
2087 242 280 265 216 199 205 178 181 176 145 677 37 51 49 53 36 46 40 47 49 37 52 52 44 49 35 
2116 235 289 249 240 206 188 208 162 168 171 695 27 61 48 53 48 41 45 40 48 49 38 49 53 46 49 
2126 259 266 263 217 239 194 190 195 152 151 693 23 51 60 47 55 46 43 44 41 48 49 33 54 52 47 
2164 257 287 239 239 211 234 194 175 174 154 703 27 53 49 58 48 54 49 44 44 41 45 52 32 51 56 
2172 260 282 252 218 225 201 220 185 168 161 720 39 59 50 49 60 47 57 47 43 46 42 46 52 31 52 
2154 248 272 245 237 203 218 195 206 171 159 712 20 62 60 48 48 61 48 56 46 45 45 44 46 50 33 
2149 243 274 234 223 228 196 205 189 185 172 747 37 48 63 60 48 49 60 49 56 46 44 47 44 45 51 
2091 231 247 237 221 213 211 195 177 188 171 756 35 58 49 64 61 45 52 56 48 59 48 45 44 44 48 
2027 211 247 204 223 209 210 208 175 171 169 773 35 65 55 50 64 61 41 59 55 47 59 49 45 43 45 
1964 227 227 216 190 204 199 198 189 162 152 788 28 63 66 55 50 64 61 43 55 58 46 61 50 44 44 
1932 225 234 195 203 183 199 199 175 174 145 791 23 52 62 64 57 50 63 60 46 51 61 47 61 50 44 
1947 239 245 203 176 197 193 192 179 168 155 814 40 47 52 65 63 54 53 62 58 51 51 60 48 60 50 
1895 220 241 224 193 155 184 190 177 156 155 816 24 67 48 50 64 62 57 51 65 58 51 50 61 48 60 
1879 237 239 209 211 183 157 163 177 159 144 819 34 54 63 49 51 63 61 58 51 64 60 53 49 61 48 
1838 224 244 202 191 190 180 154 151 154 148 838 33 64 56 63 47 51 64 63 56 54 62 62 51 51 61 
1812 212 231 213 188 179 190 168 151 139 141 828 23 61 62 56 60 49 53 64 64 55 53 64 61 52 51 
1793 198 240 202 193 186 171 184 158 130 131 839 32 52 61 59 54 62 51 50 67 63 56 53 66 61 52 
1767 226 204 200 185 180 182 163 160 148 119 844 21 68 52 61 56 54 63 53 48 70 63 53 55 66 61 
1749 192 235 178 185 177 164 175 153 147 143 834 27 43 70 47 66 56 50 65 55 49 68 65 53 55 65 
1725 214 201 204 158 187 176 149 150 145 141 810 20 48 44 64 51 64 57 51 64 58 49 67 66 53 54 
1697 210 221 186 187 138 185 173 134 131 132 822 26 59 48 41 67 49 63 61 47 66 59 49 66 67 54 
1660 209 213 189 166 168 142 171 148 133 121 825 31 53 54 49 43 64 53 63 61 48 66 58 49 66 67 
1609 198 199 193 167 156 168 128 147 126 127 820 34 58 51 52 52 42 67 53 64 59 48 67 58 47 68 
1581 185 198 182 170 167 146 169 110 136 118 809 37 53 56 51 51 52 45 67 54 62 58 50 68 56 49 
1540 182 193 178 164 151 156 141 146 102 127 812 25 64 50 55 52 54 50 45 68 54 61 57 51 69 57 
1517 191 194 175 154 157 149 137 134 124 102 806 27 49 61 51 55 50 57 49 46 66 57 61 56 50 71 
1503 191 186 169 160 142 148 144 127 123 113 800 39 53 48 61 50 52 51 58 51 44 69 56 61 56 51 
1449 177 188 167 148 150 135 142 127 112 103 801 21 68 54 46 61 51 51 53 58 52 43 70 56 60 57 
1461 201 189 159 154 137 135 133 121 132 100 803 31 47 67 52 47 61 54 51 54 54 54 43 71 55 62 
1432 161 207 168 144 134 141 128 119 112 118 798 28 57 49 68 49 47 63 55 51 53 54 52 46 71 55 
1376 165 188 174 150 127 130 128 109 112 93 807 35 57 55 50 64 53 44 66 52 52 55 55 52 45 72 
1385 177 194 156 164 131 123 131 111 95 103 784 20 66 56 57 49 63 53 44 68 49 54 54 57 52 42 
1352 162 177 171 132 155 129 116 122 104 84 785 22 41 65 54 54 52 65 52 45 65 53 53 55 57 52 
1362 162 197 146 161 126 143 122 104 109 92 787 25 50 42 63 56 53 51 65 52 44 64 54 55 55 58 
1351 165 173 169 135 146 110 139 112 97 105 770 22 43 51 41 60 55 56 54 63 52 45 65 53 55 55 
1354 178 168 160 147 123 146 104 126 104 98 773 30 50 42 48 42 55 62 56 53 63 53 45 66 52 56 
1352 171 196 149 146 133 121 142 90 114 90 763 23 51 50 40 47 47 53 64 54 53 62 53 47 67 52 
1404 190 199 169 133 146 132 119 127 83 106 753 31 33 52 46 43 47 45 56 63 54 53 62 54 47 67 
1416 187 206 169 155 125 148 119 113 110 84 735 32 48 32 53 46 42 47 41 61 62 54 54 63 54 46 
1456 186 207 178 156 151 117 142 108 99 112 727 20 49 46 33 54 42 44 48 43 61 60 56 54 63 54 
1440 193 195 177 155 151 143 118 128 103 77 711 17 40 48 40 38 56 41 44 50 41 61 61 57 54 63 
1486 207 207 161 157 149 145 141 101 125 93 701 18 51 41 45 39 37 58 43 43 52 41 60 62 56 55 
1526 190 231 186 153 147 147 140 126 93 113 690 24 38 51 42 43 39 38 58 44 42 52 39 61 63 56 
1555 205 212 203 169 157 145 131 135 114 84 688 25 52 36 51 44 42 39 38 56 46 43 50 42 59 65 
1596 188 233 188 187 158 156 140 114 131 101 672 22 50 53 34 49 45 45 40 35 58 46 42 51 43 59 
1626 205 210 192 179 172 157 148 140 105 118 656 20 44 50 50 36 49 43 47 42 34 59 45 42 52 43 
1636 202 220 191 171 175 161 156 133 134 93 668 30 43 46 50 49 36 50 40 48 44 33 60 46 42 51 
1666 196 229 190 178 166 159 155 140 121 132 669 30 50 44 47 47 52 33 50 43 48 43 34 58 47 43 
1698 222 226 205 174 156 173 145 149 129 119 671 28 47 48 45 48 45 50 37 50 41 50 42 35 58 47 
1712 209 231 198 189 166 154 171 136 131 127 666 27 42 46 48 47 46 46 50 37 49 42 50 42 35 59 
1713 200 235 219 177 171 170 145 153 127 116 662 29 51 42 46 49 46 46 46 50 38 48 44 49 43 35 
1722 212 214 203 212 169 167 155 128 146 116 677 29 48 50 44 46 51 44 47 46 49 38 49 42 50 44 
1737 194 243 179 183 207 160 161 151 123 136 676 22 49 49 46 42 49 50 46 47 45 51 38 47 44 51 
1722 214 227 201 166 173 193 161 146 127 114 681 27 50 47 52 45 42 48 52 45 48 44 53 36 49 43 
1770 221 244 203 185 160 167 193 151 130 116 692 27 54 49 41 59 43 40 52 51 43 51 44 51 37 50 
1803 222 248 212 199 179 160 143 181 146 113 689 24 51 52 50 40 60 42 40 52 51 44 51 45 50 37 
1834 213 246 228 204 182 184 152 135 163 127 700 26 46 46 57 47 39 61 45 37 55 51 41 54 45 50 
1846 228 246 218 198 194 179 172 142 124 145 717 36 57 45 43 56 48 39 59 51 37 54 51 42 54 45 
1835 213 260 216 194 187 188 169 163 129 116 731 33 61 55 48 40 55 51 38 60 50 36 57 51 42 54 
1890 229 251 226 201 188 178 180 157 151 129 729 27 57 60 56 46 39 55 52 40 61 48 35 59 52 42 
1898 252 257 211 194 186 186 176 157 136 143 748 25 64 56 59 56 44 41 54 52 43 58 48 38 57 53 
1915 237 277 231 192 186 185 189 157 157 104 750 33 48 61 53 63 56 46 40 53 51 45 57 50 38 56 
1935 221 262 239 211 179 180 179 178 146 140 757 32 63 49 57 52 64 58 48 40 53 51 45 57 50 38 
1932 253 239 230 210 201 181 162 163 157 136 779 34 57 61 49 56 52 65 59 48 40 52 53 45 58 50 
1940 240 280 200 220 187 203 175 145 147 143 782 27 58 54 64 44 56 58 64 60 48 41 52 51 47 58 
1913 211 269 238 195 201 173 201 155 145 125 788 29 60 58 54 59 49 56 58 64 60 49 41 52 52 47 
1873 218 209 223 218 188 196 165 183 145 128 807 32 60 60 56 56 58 50 55 59 66 60 48 42 53 52 
1822 208 220 176 197 210 179 185 157 163 127 830 41 65 58 58 56 58 57 53 55 57 66 63 48 39 56 
1785 227 211 194 163 186 196 178 151 134 145 839 35 70 62 59 57 57 59 57 53 54 59 67 59 52 39 
1716 202 239 179 171 154 173 190 155 125 128 864 30 68 66 62 61 59 54 61 57 54 54 58 69 59 52 
1674 222 218 201 153 152 149 154 170 142 113 882 29 71 66 66 60 62 56 58 61 56 57 50 61 68 61 
1625 197 193 180 192 138 145 147 149 148 136 877 33 52 70 65 64 63 63 55 58 61 56 58 51 58 70 
1558 193 192 166 157 167 147 139 137 123 137 871 31 63 51 70 69 61 61 66 53 60 62 57 57 52 58 
1519 203 208 164 148 141 160 140 119 128 108 891 42 67 59 52 70 71 59 62 67 51 62 63 54 59 53 
1478 193 207 181 152 133 135 137 135 95 110 899 32 71 65 55 54 67 73 63 61 67 50 63 64 54 60 
1437 194 194 173 167 142 126 129 119 106 87 912 44 59 69 65 56 54 68 72 64 60 70 49 64 62 56 
1410 191 193 151 158 145 138 117 118 107 92 926 41 72 57 71 66 53 51 73 69 64 63 69 51 64 62 
1357 185 180 163 132 142 122 124 106 106 97 931 31 75 69 60 71 64 54 52 74 65 69 62 66 54 65 
1314 172 191 148 144 117 133 121 108 86 94 939 27 77 72 70 61 70 63 56 50 75 67 67 60 68 56 
1263 183 162 157 129 137 107 112 109 90 77 953 41 54 78 74 66 60 72 64 55 53 74 65 69 59 69 
1243 182 181 134 134 115 130 90 98 96 83 946 33 68 55 73 78 66 59 73 64 55 53 73 68 69 59 
1213 174 184 146 114 125 108 128 72 79 83 956 35 64 69 56 70 77 67 61 73 67 55 53 72 68 69 
1172 155 168 148 130 106 119 104 110 64 68 939 29 58 61 67 62 69 75 68 62 73 65 58 52 72 68 
1179 165 178 134 132 113 103 117 82 99 56 928 33 52 58 60 63 63 70 75 71 59 75 67 58 51 73 
1170 154 160 149 121 118 105 105 93 85 80 920 35 64 51 58 53 66 66 71 74 71 60 72 70 58 51 
1165 168 154 140 128 112 118 105 90 77 73 915 25 56 64 51 59 49 70 66 70 69 75 60 73 71 57 
1180 154 188 133 128 114 106 110 99 86 62 909 27 48 56 64 51 57 49 72 64 71 70 76 60 71 73 
1192 163 153 157 126 119 104 102 106 92 70 884 19 55 48 56 63 51 59 49 69 66 72 69 78 60 70 
1215 166 182 129 143 114 118 101 85 97 80 861 16 48 55 48 53 64 54 59 50 67 68 70 71 77 61 
1203 157 161 157 108 140 113 117 93 74 83 838 16 38 48 53 48 54 65 50 62 50 67 67 72 71 77 
1188 170 158 132 136 109 130 109 103 80 61 812 28 39 33 50 54 49 54 65 51 62 50 68 66 73 70 
1196 149 185 124 122 130 99 126 94 96 71 792 25 53 39 28 52 55 50 55 64 51 63 49 68 66 74 
1184 141 162 157 114 106 130 94 106 91 83 754 13 46 55 38 27 46 60 51 55 66 51 61 50 68 67 
1176 161 155 130 142 98 109 122 78 97 84 738 24 39 41 57 41 28 45 61 48 58 65 51 62 49 69 
1175 151 177 143 102 132 94 106 112 80 78 711 27 40 38 39 58 41 28 43 58 53 58 66 51 61 50 
1194 154 179 140 140 102 122 90 93 98 76 712 21 57 35 40 40 58 43 27 43 58 53 57 68 49 63 
1229 164 192 157 129 127 104 110 84 83 79 691 20 42 57 34 37 43 56 47 27 42 59 53 56 68 50 
1266 169 181 168 147 115 129 100 100 78 79 681 26 33 41 58 34 36 44 56 45 30 42 58 53 56 69 
1309 182 192 150 155 130 118 117 105 89 71 662 27 48 33 40 59 37 34 44 55 45 32 42 59 52 55 
1316 179 178 177 135 136 132 114 104 88 73 666 25 60 48 33 39 59 35 35 44 55 46 32 43 60 52 
1365 186 203 153 162 123 137 120 109 96 76 665 32 42 58 51 34 35 60 34 36 47 55 46 32 42 61 
1378 180 202 169 138 138 124 136 106 97 88 645 16 57 41 57 50 38 35 59 32 39 43 58 47 32 41 
1397 169 213 168 151 129 148 111 116 107 85 649 23 36 56 42 55 51 40 33 61 33 38 42 60 47 32 
1434 193 209 188 158 130 129 138 101 103 85 682 29 57 37 52 44 54 55 40 33 60 33 38 43 59 48 
1458 164 223 183 181 143 129 127 126 94 88 680 16 58 53 40 54 44 54 54 40 34 60 32 38 42 61 
1525 201 199 189 181 175 143 126 110 111 90 671 24 44 58 52 39 54 45 51 57 39 36 59 32 39 42 
1588 202 239 178 170 167 172 149 112 99 100 683 26 50 45 57 54 38 52 46 53 56 40 36 59 31 40 
1658 213 242 208 175 152 159 174 140 101 94 691 27 47 50 44 55 53 38 52 48 55 55 40 36 60 31 
1696 194 254 207 190 173 145 153 152 141 87 710 24 51 49 49 44 54 54 36 55 47 55 56 39 36 61 
1729 206 232 212 189 180 177 136 143 139 115 704 26 54 48 51 47 44 54 55 36 55 44 59 56 39 36 
1777 219 241 204 193 181 161 178 135 124 141 717 28 47 54 47 51 47 40 58 54 38 54 45 57 57 40 
1805 229 256 208 182 180 173 165 160 145 107 726 25 52 46 52 47 52 48 40 55 57 37 54 46 57 58 
1840 196 272 211 203 170 175 166 152 150 145 712 24 45 51 47 51 45 51 53 39 55 53 41 53 48 56 
1847 225 233 239 183 194 173 173 157 134 136 700 26 43 44 53 43 51 44 53 52 42 55 53 42 53 46 
1869 215 249 220 220 188 183 168 160 149 117 699 22 49 42 45 51 41 52 45 53 53 42 56 51 44 53 
1936 232 256 225 197 202 199 179 145 159 142 688 26 35 51 43 42 53 42 49 44 55 54 43 56 51 44 
1939 230 254 229 220 178 197 193 164 130 144 696 29 49 34 50 44 42 50 44 51 42 57 53 43 57 51 
1965 254 259 219 193 223 172 194 173 163 115 693 27 50 48 35 49 45 41 51 43 51 42 59 50 45 57 
2029 232 288 243 199 190 210 170 188 154 155 680 31 40 46 48 38 52 44 40 52 44 51 41 60 49 44 
2063 258 256 260 220 197 193 195 167 176 141 685 24 52 42 47 46 41 46 48 42 50 46 50 40 60 51 
2069 242 272 217 237 210 203 191 175 159 163 686 27 48 52 41 46 46 44 43 48 42 52 46 48 41 62 
2083 274 260 246 189 223 216 191 180 157 147 675 25 52 48 49 42 48 46 44 43 47 43 52 46 48 42 
2109 252 312 231 222 185 218 206 178 163 142 690 30 53 53 45 49 41 50 43 45 44 48 44 51 47 47 
2105 253 274 275 214 196 177 212 195 163 146 703 33 54 54 49 50 46 42 50 42 46 45 48 43 53 48 
2048 245 245 249 249 199 196 175 172 180 138 723 33 67 54 54 47 51 47 44 51 41 45 46 49 43 51 
2064 240 279 208 218 234 202 188 160 169 166 752 40 73 62 58 53 45 53 47 42 52 43 46 46 49 43 
2018 240 260 248 185 203 225 193 172 140 152 778 38 71 71 64 55 55 42 57 43 45 51 44 46 47 49 
1980 249 251 236 212 177 198 213 165 163 116 797 30 78 68 67 69 56 52 46 56 42 46 52 44 44 47 
1992 260 263 224 211 202 165 171 203 146 147 827 40 67 75 69 66 71 54 53 46 55 44 47 52 44 44 
1935 217 279 225 208 200 187 153 158 176 132 872 49 79 65 74 68 70 68 54 56 46 56 44 46 52 45 
1877 219 222 237 203 191 186 180 145 139 155 890 36 77 78 64 74 66 71 68 54 57 43 60 45 45 52 
1810 235 227 190 221 190 165 178 159 121 124 914 39 70 74 82 65 73 64 71 70 52 58 47 59 45 45 
1784 226 233 199 165 205 184 158 158 137 119 944 46 68 68 72 83 64 74 66 69 72 51 59 47 59 46 
1751 227 223 201 172 158 182 182 137 144 125 961 29 79 64 71 70 85 63 74 65 71 73 52 58 45 62 
1674 201 203 178 190 165 157 164 162 129 125 965 39 55 78 65 70 71 80 67 75 65 73 71 53 58 45 
1620 202 199 186 159 166 170 144 135 149 110 993 43 67 53 79 62 74 69 83 66 76 66 72 72 52 59 
1594 191 209 179 173 136 163 165 129 119 130 1001 42 67 65 54 79 60 75 71 82 66 76 68 71 73 52 
1505 185 182 183 151 157 133 149 140 122 103 1012 37 67 69 62 53 80 58 78 69 84 67 77 68 71 72 
1432 185 167 146 163 139 144 126 132 122 108 1019 45 70 65 72 60 56 76 59 77 69 87 66 76 70 71 
1363 174 181 137 129 147 135 131 105 124 100 1006 26 75 70 62 71 64 57 71 65 75 71 86 67 76 70 
1312 153 171 154 123 127 129 130 115 87 123 990 31 49 73 69 62 71 66 57 70 67 74 70 84 71 76 
1249 169 137 149 136 122 121 127 111 102 75 979 45 50 47 73 71 60 70 67 59 70 67 75 68 86 71 
1201 135 167 114 130 127 117 112 111 98 90 966 26 77 49 45 71 74 61 68 69 60 68 67 77 66 88 
1163 158 135 138 97 117 128 105 106 96 83 931 31 47 72 53 43 72 74 64 67 68 62 68 67 76 67 
1155 161 159 115 118 97 117 118 98 92 80 919 24 62 46 67 56 45 69 77 64 66 69 63 67 67 77 
1126 137 161 140 106 108 94 102 101 92 85 883 24 40 60 47 65 55 49 68 76 65 66 71 61 68 68 
1113 157 130 143 128 100 105 85 90 93 82 872 32 49 37 60 50 63 56 49 67 77 64 67 71 62 68 
1109 136 183 116 127 113 102 99 66 81 86 847 22 54 47 37 60 47 62 58 52 62 81 66 67 71 61 
1088 148 138 162 103 115 115 91 87 58 71 832 21 45 54 46 40 59 46 62 58 52 64 79 68 67 71 
1119 147 173 117 147 101 106 110 87 75 56 810 27 43 45 53 44 41 57 48 64 57 52 63 81 67 68 
1158 151 176 145 106 139 91 113 100 74 63 785 22 49 42 43 56 42 41 55 52 62 58 51 63 81 68 
1174 159 149 153 133 97 129 98 94 96 66 761 21 44 48 41 45 53 46 41 54 48 64 61 50 63 82 
1205 176 162 128 141 133 94 121 88 77 85 728 26 44 43 47 42 45 53 45 43 53 49 63 60 51 64 
1205 159 178 139 118 136 128 100 96 75 76 713 27 49 41 45 45 44 45 54 46 42 54 49 62 61 49 
1206 145 179 161 131 106 120 123 90 80 71 705 17 51 47 44 41 47 45 44 55 47 42 54 48 62 61 
1239 158 176 148 143 121 109 118 113 79 74 692 26 39 46 51 44 40 48 44 45 53 47 44 55 47 63 
1248 161 178 154 134 141 109 105 97 103 66 686 35 48 33 52 45 49 39 46 47 45 53 46 45 55 48 
1277 181 163 164 132 117 136 112 88 92 92 680 25 51 45 37 49 47 49 39 46 47 45 53 45 45 57 
1277 156 192 145 144 126 116 127 109 85 77 674 31 42 54 41 40 45 49 51 39 46 48 45 52 46 45 
1308 160 189 170 121 141 127 105 123 96 76 679 25 55 43 54 40 41 42 49 51 41 45 49 45 53 46 
1322 161 183 164 160 113 138 117 103 102 81 680 24 48 52 45 52 42 41 43 50 48 43 43 51 46 52 
1371 195 177 161 156 146 115 125 111 91 94 673 30 38 48 50 46 54 39 41 45 49 48 44 44 51 46 
1432 201 217 160 151 152 140 106 124 95 86 671 21 52 37 48 47 49 52 43 40 45 49 49 42 44 53 
1463 173 223 193 145 146 149 133 100 115 86 663 25 41 51 35 48 46 50 54 42 40 45 51 49 41 45 
1540 209 231 193 174 143 142 137 125 87 99 671 29 46 42 50 34 51 45 51 50 47 40 45 49 51 41 
1593 211 239 209 166 167 139 136 128 111 87 674 24 50 44 44 48 35 50 44 52 51 45 41 47 48 51 
1608 207 218 205 194 153 153 137 122 114 105 686 31 56 44 46 45 48 36 52 44 50 51 46 40 47 50 
1626 195 236 192 183 179 154 144 140 102 101 682 21 54 54 44 49 44 48 36 53 44 50 51 46 40 48 
1649 203 225 209 169 165 171 157 137 117 96 693 31 49 50 56 45 47 46 49 35 55 42 50 52 46 40 
1705 218 244 195 198 161 156 161 149 127 96 698 26 48 46 52 56 46 46 47 48 37 53 45 48 54 46 
1744 209 261 211 171 187 155 145 144 142 119 708 25 55 48 45 49 61 44 47 47 49 38 50 46 49 55 
1797 232 247 231 191 171 177 158 124 138 128 716 33 56 52 49 45 49 61 43 50 46 50 38 49 46 49 
1789 221 243 222 208 180 157 167 149 117 125 712 25 51 59 46 52 46 49 63 41 51 46 50 39 49 45 
1806 230 246 219 198 192 165 158 156 129 113 729 32 52 51 59 46 53 45 49 62 44 52 45 51 39 49 
1825 232 244 207 211 176 189 169 135 137 125 738 37 50 54 48 56 50 52 44 54 60 44 54 44 49 42 
1814 203 264 214 200 196 168 181 157 116 115 742 24 59 50 54 46 56 50 55 44 51 61 43 56 44 49 
1827 231 214 224 208 186 177 171 172 137 107 757 34 54 57 49 55 49 54 51 53 46 49 62 44 56 44 
1834 215 242 189 204 191 181 172 165 154 121 757 19 58 53 49 56 50 51 58 50 56 46 48 62 44 57 
1805 226 220 213 161 198 177 167 159 149 135 777 29 65 57 55 47 54 54 48 60 51 54 48 48 62 45 
1806 225 234 202 190 161 194 163 162 143 132 776 30 45 63 54 56 48 55 52 49 61 53 54 46 49 61 
1788 216 242 198 191 179 157 188 148 140 129 784 33 66 42 62 58 57 47 55 52 49 55 58 53 49 48 
1755 199 245 198 186 162 185 149 167 139 125 799 34 61 64 44 62 54 59 48 55 52 49 55 60 53 49 
1723 221 212 196 179 171 161 181 121 150 131 837 49 72 60 64 42 62 51 64 48 56 52 49 54 59 55 
1703 225 230 186 175 166 176 146 166 103 130 835 33 66 74 59 59 44 65 52 63 49 56 52 50 53 60 
1676 219 229 187 173 161 152 180 125 153 97 827 28 54 66 70 57 65 45 63 56 63 47 58 52 49 54 
1684 200 229 193 172 167 146 144 173 119 141 825 29 51 52 66 71 54 63 50 63 56 64 47 59 52 48 
1693 224 209 200 186 165 162 141 135 160 111 823 18 57 49 52 64 74 54 63 49 64 57 61 50 58 53 
1678 201 222 187 175 177 154 165 134 125 138 831 37 41 55 50 51 63 74 56 62 52 63 57 58 54 58 
1631 225 201 189 161 172 162 158 124 131 108 830 30 64 38 56 50 51 65 66 60 65 51 63 59 58 54 
1637 216 224 170 174 158 157 151 147 115 125 829 23 58 64 38 55 50 52 64 67 61 66 47 65 60 59 
1631 216 231 186 148 167 162 145 129 141 106 823 28 46 57 63 41 53 52 51 66 66 62 66 46 66 60 
1638 204 210 202 176 147 164 150 139 109 137 821 34 52 45 56 62 44 51 53 50 65 69 59 69 46 66 
1598 204 200 192 179 156 143 154 140 124 106 809 28 58 51 46 54 62 43 55 51 49 65 71 59 70 47 
1573 198 196 181 167 158 154 133 147 127 112 820 28 58 58 47 50 52 63 40 60 45 55 64 71 58 71 
1594 212 197 183 156 171 150 151 125 129 120 791 19 50 57 57 45 54 52 63 40 60 46 54 64 71 59 
1570 174 235 155 174 154 168 141 138 115 116 777 25 40 47 58 57 46 53 52 65 39 60 46 55 64 70 
1573 183 191 219 144 163 146 168 134 125 100 744 17 46 37 47 60 55 49 51 52 66 40 59 47 54 64 
1591 201 204 162 202 134 160 143 151 123 111 739 33 43 45 36 48 60 53 51 49 53 67 40 60 47 54 
1555 183 198 177 150 184 132 150 133 144 104 732 25 53 40 47 37 47 61 51 53 49 55 67 39 61 47 
1550 186 194 168 168 137 176 132 143 123 123 733 18 55 52 41 47 34 49 59 53 54 45 59 68 39 60 
1562 197 202 173 158 159 128 160 136 127 122 715 16 43 50 57 41 45 35 49 60 51 57 45 56 71 39 
1558 189 212 180 162 147 151 125 146 124 122 717 20 38 44 49 56 43 43 36 48 62 48 57 48 55 70 
1568 207 210 181 168 156 138 146 120 133 109 689 19 44 37 42 48 60 39 43 39 48 61 48 59 47 55 
1596 185 233 186 163 169 148 141 138 117 116 677 23 37 42 39 41 49 59 42 42 40 48 59 50 57 49 
1602 189 193 205 179 151 169 143 136 126 111 660 17 36 38 40 40 39 53 56 44 41 42 48 58 50 58 
1644 220 209 165 175 179 156 163 136 129 112 643 21 34 38 36 43 38 41 51 57 44 40 44 45 59 52 
1653 183 248 188 157 158 176 144 156 123 120 643 26 48 33 38 36 41 39 41 53 57 43 40 43 47 58 
1674 191 206 224 175 153 159 172 130 145 119 633 22 51 47 34 39 35 40 39 42 53 58 43 39 43 48 
1723 217 219 177 215 169 155 159 148 120 144 627 24 39 49 48 36 38 33 43 38 43 52 59 43 39 43 
1747 228 229 199 166 196 160 153 159 136 121 619 16 43 39 46 50 36 38 32 44 39 43 52 58 44 39 
1789 230 248 215 176 163 175 168 142 151 121 630 24 42 41 40 44 52 37 37 33 42 40 44 51 58 45 
1825 215 262 231 191 174 158 176 146 133 139 628 24 42 41 40 40 46 50 38 39 33 41 38 47 50 59 
1859 208 274 234 215 185 173 156 169 126 119 619 28 46 41 42 37 43 43 49 39 40 34 41 38 48 50 
1939 241 252 245 218 221 169 180 140 150 123 620 20 58 47 40 42 38 42 44 49 40 40 33 42 37 48 
2032 264 279 221 239 194 204 172 178 133 148 618 25 40 60 47 39 42 37 43 42 49 42 39 33 42 38 
2077 260 295 251 211 221 199 185 167 165 123 632 35 41 40 55 51 38 45 35 43 41 52 41 40 33 42 
2141 236 296 270 236 205 209 204 181 154 150 643 25 61 41 39 56 51 39 44 36 44 40 51 43 38 35 
2155 246 264 255 258 223 206 208 177 173 145 653 22 48 61 37 40 58 50 39 45 38 41 41 53 43 37 
2175 252 265 235 239 243 222 199 185 178 157 667 29 45 47 57 42 39 55 50 42 43 41 39 42 54 42 
2137 236 250 240 217 234 226 215 185 167 167 688 30 63 43 47 55 45 37 55 50 40 48 40 39 42 54 
2111 249 255 224 212 205 215 226 196 168 161 703 36 63 59 44 50 54 45 38 55 48 43 47 41 39 41 
2120 261 295 219 204 200 206 206 198 180 151 719 32 60 58 60 44 52 54 43 42 53 49 44 48 41 39 
2085 244 268 257 204 182 195 207 188 171 169 751 41 61 59 57 58 46 56 51 44 40 57 48 44 47 42 
2021 236 240 244 227 202 176 175 191 173 157 768 31 70 58 61 57 57 45 57 50 46 41 57 47 45 46 
1969 243 245 205 208 219 194 173 154 162 166 793 38 64 70 53 65 53 62 43 59 50 45 41 57 49 44 
1919 227 253 215 191 185 215 181 159 145 148 813 27 76 58 73 53 65 52 62 46 57 53 43 43 57 48 
1895 258 217 221 205 177 178 192 176 145 126 822 31 54 75 54 71 59 63 55 58 48 57 53 45 42 57 
1865 242 245 192 195 182 173 177 174 163 122 826 32 58 56 70 55 71 59 67 56 57 47 59 53 43 43 
1833 229 233 212 174 180 185 150 169 156 145 843 25 67 58 54 69 57 73 55 70 54 58 49 58 51 45 
1744 216 230 191 195 164 166 171 127 150 134 873 36 64 62 60 53 69 58 71 59 69 55 58 50 58 51 
1704 215 223 205 169 183 163 152 149 115 130 882 32 63 63 62 61 53 67 58 74 57 69 58 57 50 58 
1623 175 214 186 192 148 180 145 137 139 107 888 40 54 66 55 67 61 54 62 65 68 61 70 57 57 51 
1588 188 186 186 174 165 153 168 117 126 125 904 39 67 53 66 54 69 63 52 62 63 71 61 70 56 58 
1574 222 196 160 162 156 155 145 154 115 109 903 26 68 66 53 64 58 65 65 54 61 63 71 61 71 57 
1513 191 217 164 136 148 150 143 128 137 99 924 47 58 67 62 53 68 58 65 65 52 63 62 73 60 71 
1474 191 197 189 150 113 132 141 128 113 120 916 29 81 57 67 62 53 63 56 71 63 53 64 63 74 60 
1461 195 209 165 181 137 112 125 122 108 107 918 28 63 78 58 65 63 52 63 59 72 63 52 64 63 75 
1427 181 198 174 152 152 141 105 116 102 106 910 35 60 62 77 58 65 63 53 63 58 71 64 50 67 64 
1418 201 195 168 158 140 145 128 96 98 89 908 31 65 57 63 77 56 66 65 53 65 58 71 63 51 67 
1401 172 200 161 159 143 144 136 111 91 84 898 30 57 65 56 62 77 54 71 63 54 64 59 71 63 52 
1408 180 198 172 144 155 131 136 108 105 79 901 29 56 54 65 57 61 77 55 69 66 54 62 60 73 63 
1409 192 177 165 156 137 155 124 116 92 95 898 36 51 57 55 59 60 63 75 55 70 68 53 62 62 72 
1379 179 188 140 152 144 131 147 106 109 83 883 33 59 50 57 52 58 61 66 75 54 68 73 51 64 62 
1362 180 184 148 129 144 139 119 118 107 94 875 26 60 55 52 56 53 55 66 65 75 53 69 75 50 65 
1351 186 191 163 127 124 135 127 99 107 92 876 34 59 56 54 55 56 55 55 63 68 73 54 68 74 52 
1356 190 185 155 158 115 112 132 118 92 99 875 18 65 58 59 53 54 54 59 55 63 67 73 55 65 77 
1347 181 195 163 136 158 110 106 114 99 85 854 30 43 63 57 59 54 56 55 57 57 63 67 72 55 66 
1336 185 178 160 151 129 149 100 95 102 87 846 30 59 41 61 58 61 50 59 55 58 58 62 68 72 54 
1338 196 182 148 141 144 128 132 96 76 95 840 19 61 58 37 63 58 64 49 57 58 56 60 61 69 70 
1352 200 202 154 142 123 136 123 113 84 75 830 24 55 57 61 35 64 59 61 51 58 58 56 61 60 70 
1352 175 214 164 145 133 109 126 109 100 77 808 26 47 53 56 60 37 65 59 61 52 55 58 59 60 60 
1357 178 180 179 154 138 135 97 107 102 87 805 28 54 46 51 57 63 37 61 61 60 52 58 58 57 62 
1346 179 168 145 164 142 137 135 88 96 92 789 25 49 53 44 51 53 65 40 62 62 58 53 59 58 57 
1334 172 171 145 136 154 146 128 112 85 85 785 27 50 50 50 47 49 53 64 41 64 61 58 54 58 59 
1350 182 176 152 125 129 157 133 114 96 86 767 23 45 49 52 48 46 51 51 66 40 65 61 59 53 58 
1348 177 174 160 135 119 125 149 120 98 91 755 23 45 46 47 50 49 47 50 53 64 43 64 60 61 53 
1325 170 177 147 150 113 126 115 122 119 86 757 30 48 42 47 47 50 52 45 52 52 61 46 64 61 60 
1337 188 181 144 132 136 119 117 103 117 100 745 26 52 48 43 43 50 50 50 47 53 52 61 45 64 61 
1311 164 181 164 129 124 130 120 103 94 102 731 24 50 51 48 43 41 53 50 50 48 50 54 60 47 62 
1331 176 184 167 152 115 125 117 112 96 87 718 31 42 48 52 45 45 41 53 50 51 46 53 53 61 47 
1342 170 184 165 150 148 116 125 98 94 92 717 25 52 39 49 50 46 46 42 54 48 52 46 52 55 61 
1361 191 178 167 149 142 136 108 111 96 83 700 23 46 52 37 50 50 43 48 44 53 49 49 46 55 55 
1384 186 193 159 152 138 135 136 96 108 81 683 15 44 45 51 38 50 51 45 47 42 55 49 50 46 55 
1437 199 207 172 145 137 133 128 129 91 96 670 26 32 42 44 50 40 50 50 45 49 43 54 47 51 47 
1458 189 195 187 158 144 132 121 120 125 87 666 25 44 32 41 43 51 39 52 48 47 47 43 54 48 52 
1489 178 207 178 169 146 152 127 112 108 112 658 29 39 42 33 41 42 54 37 53 49 45 48 42 56 48 
1500 188 199 187 155 162 142 144 114 106 103 655 21 53 38 43 29 44 42 52 39 54 50 44 48 42 56 
1521 193 206 169 174 147 155 140 134 98 105 638 16 44 50 37 46 30 41 44 53 37 56 49 44 49 42 
1577 212 215 190 156 170 143 146 130 124 91 645 31 33 45 49 37 46 26 45 44 53 38 55 48 45 50 
1637 212 230 188 174 158 156 142 135 123 119 645 24 57 30 47 49 35 46 27 47 43 52 40 55 48 45 
1682 222 226 194 188 164 156 150 139 129 114 637 21 40 53 33 47 50 35 45 25 48 44 53 38 56 49 
1738 232 246 210 184 175 153 138 154 132 114 636 28 40 40 53 34 47 47 37 47 25 48 42 55 38 55 
1785 236 243 219 198 168 181 142 135 145 118 621 20 48 40 35 57 34 48 46 37 49 25 48 41 54 39 
1848 235 266 222 202 189 167 169 140 122 136 622 20 39 49 40 33 57 36 46 48 36 49 26 45 42 56 
1897 238 272 245 195 204 179 158 152 139 115 617 27 44 36 46 46 32 57 36 45 48 35 52 25 45 43 
2000 241 307 248 228 181 198 176 148 147 126 619 22 48 43 39 43 46 35 54 37 45 50 34 50 28 45 
2051 247 273 256 233 223 185 193 165 139 137 638 30 56 47 44 39 43 46 35 52 39 45 50 33 51 28 
2060 227 292 231 238 219 218 175 193 148 119 666 28 59 53 49 44 36 44 49 34 49 43 45 50 33 50 
2074 251 255 250 216 220 215 202 161 163 141 683 33 61 59 49 52 45 34 47 48 34 50 43 44 50 34 
2067 254 278 205 235 196 216 204 187 148 144 715 29 70 60 58 49 50 48 35 48 47 36 47 40 49 49 
2067 235 275 244 188 225 193 202 195 174 136 735 38 58 72 56 59 49 53 47 35 49 46 38 46 41 48 
2067 249 256 234 233 168 218 184 187 177 161 751 38 65 56 69 55 63 50 52 48 36 48 47 35 49 40 
1997 230 244 217 219 213 181 188 178 169 158 784 40 69 65 58 67 55 61 51 52 49 38 47 47 35 50 
1918 220 239 201 186 216 195 176 168 162 155 804 37 72 66 65 56 67 58 58 54 53 51 37 48 47 35 
1877 212 256 201 190 168 193 194 162 149 152 840 39 68 72 63 65 58 67 55 58 57 55 50 37 49 47 
1851 232 235 216 187 176 167 176 177 144 141 862 38 70 68 66 66 66 58 67 55 59 57 55 50 38 49 
1810 214 245 204 191 180 167 163 157 157 132 874 36 62 66 71 68 63 68 59 66 54 61 58 53 52 37 
1770 212 227 206 176 178 179 154 148 147 143 915 48 65 63 61 76 63 64 63 66 67 54 61 57 55 52 
1731 227 217 188 197 168 163 159 153 128 131 913 31 66 62 66 60 75 65 61 63 66 69 53 62 59 55 
1724 215 240 180 179 184 159 163 149 138 117 919 33 60 65 63 67 56 78 64 60 66 66 68 52 64 57 
1667 182 207 213 160 166 183 156 146 126 128 914 34 50 61 65 58 70 57 77 66 61 63 69 67 52 64 
1592 203 174 179 177 152 155 179 146 114 113 931 41 73 50 59 66 56 72 57 76 65 63 62 68 70 53 
1567 200 212 153 157 148 155 144 159 136 103 943 33 72 71 51 60 64 59 71 58 74 66 64 63 67 70 
1516 171 207 174 142 145 140 143 126 141 127 920 21 59 66 75 50 63 58 64 69 59 73 68 65 62 68 
1473 180 193 180 151 123 142 129 126 127 122 925 34 60 56 65 76 48 65 59 64 71 58 74 66 66 63 
1436 192 186 156 176 140 115 137 110 120 104 922 34 59 59 56 66 75 48 66 59 64 70 60 74 66 66 
1376 173 189 151 135 164 134 109 124 101 96 917 33 61 58 55 60 68 71 49 66 60 65 70 59 75 67 
1374 181 177 171 130 138 145 135 94 106 97 913 33 61 59 58 56 58 71 68 53 67 59 64 66 65 75 
1355 170 192 150 146 130 132 132 114 92 97 896 29 60 59 61 57 54 61 71 68 52 68 59 64 66 67 
1335 161 186 168 138 133 122 125 115 102 85 885 26 58 57 62 61 55 56 60 72 66 53 67 61 65 66 
1327 181 172 152 147 130 133 108 116 91 97 864 26 44 58 55 62 59 56 58 59 71 68 55 67 60 66 
1298 165 192 143 135 135 118 124 98 110 78 856 25 55 47 56 56 59 63 55 59 58 72 68 55 66 62 
1294 169 183 148 137 127 127 114 109 81 99 853 34 50 53 47 57 52 62 65 54 60 56 73 69 55 66 
1263 166 180 153 140 114 121 122 106 94 67 849 32 60 51 53 49 55 53 63 64 55 57 57 75 69 56 
1262 165 187 153 129 130 113 107 97 92 89 855 34 59 58 49 54 51 54 54 65 64 51 61 57 75 69 
1235 159 173 152 134 124 120 110 99 77 87 833 24 58 55 59 49 56 51 52 56 66 60 53 63 57 74 
1230 168 173 159 138 125 117 102 97 78 73 818 34 48 57 55 59 50 56 50 53 55 65 63 53 62 58 
1257 159 192 144 148 128 130 105 98 92 61 803 22 54 47 57 56 60 48 56 50 55 53 67 63 52 63 
1254 160 175 147 136 126 127 125 87 92 79 797 27 52 52 46 60 52 64 48 52 54 53 56 67 62 52 
1271 168 182 155 134 120 115 124 112 78 83 798 27 52 51 50 47 58 54 66 47 52 55 52 57 67 63 
1280 180 189 144 142 125 112 113 107 99 69 780 21 49 51 52 50 45 57 58 63 50 51 57 51 58 67 
1325 178 205 160 138 126 125 107 100 100 86 769 31 44 48 53 52 50 44 57 60 61 50 52 58 51 58 
1384 187 205 188 153 122 125 122 99 89 94 755 23 52 40 52 50 55 49 45 56 60 61 49 54 57 52 
1411 188 210 184 173 147 126 116 118 83 66 751 24 46 53 40 51 49 55 51 46 52 61 63 50 54 56 
1447 189 198 188 158 155 141 126 106 103 83 745 24 48 44 53 43 50 50 55 50 47 52 60 63 52 54 
1501 203 206 181 169 155 143 141 109 103 91 734 23 43 48 43 52 45 52 45 60 50 46 53 59 64 51 
1512 201 204 178 160 158 147 143 127 103 91 726 18 49 43 44 47 49 46 51 46 60 50 46 54 60 63 
1544 186 231 178 168 151 147 142 134 110 97 725 32 47 50 41 44 48 48 48 52 44 61 51 46 53 60 
1555 200 206 200 156 161 152 141 126 121 92 720 28 57 49 50 39 43 50 46 48 53 46 59 51 48 53 
1583 217 220 178 186 147 152 144 120 117 102 730 33 58 57 48 52 36 43 50 48 49 52 44 62 50 48 
1618 213 235 194 164 171 145 151 127 109 109 724 25 49 60 52 52 53 36 39 48 53 49 51 44 64 49 
1638 220 225 208 178 157 170 134 129 117 100 752 38 61 48 64 51 51 53 38 37 49 53 48 52 45 64 
1667 193 254 192 183 185 141 168 129 115 107 732 24 56 61 49 62 51 54 50 40 35 51 54 48 51 46 
1683 223 218 217 175 163 180 131 151 124 101 730 22 48 53 59 47 63 57 52 51 39 37 47 58 47 50 
1705 207 232 193 206 164 157 168 134 128 116 731 29 44 45 53 58 49 63 56 54 49 41 39 46 56 49 
1733 236 211 205 177 193 167 146 161 125 112 736 36 46 45 46 51 55 53 61 57 56 44 46 38 47 55 
1692 193 233 177 194 160 181 164 131 144 115 731 26 59 47 42 45 51 56 52 63 57 57 45 44 40 47 
1673 202 201 196 173 175 157 167 148 126 128 739 26 51 62 45 42 45 51 56 55 62 58 55 47 44 40 
1649 204 209 174 179 169 165 144 156 139 110 757 33 52 49 59 49 42 44 50 57 54 64 58 54 49 43 
1605 188 202 179 155 154 163 160 136 136 132 778 35 60 53 48 60 48 43 42 49 59 54 65 56 56 50 
1615 213 209 180 170 148 143 160 143 124 125 780 26 59 60 53 47 63 44 46 41 50 59 54 66 56 56 
1580 194 225 169 173 160 138 146 132 134 109 774 23 50 59 60 54 50 62 43 45 40 53 58 55 67 55 
1581 202 209 187 162 158 148 138 123 128 126 778 26 56 48 59 60 54 52 59 47 43 38 55 57 58 66 
1556 203 205 184 161 155 146 142 137 113 110 769 27 56 55 48 57 64 51 55 56 46 44 39 57 57 57 
1575 189 223 197 170 142 146 142 130 127 109 761 23 53 53 55 50 56 61 55 54 56 48 44 39 57 57 
1560 200 200 186 190 162 124 142 129 123 104 758 17 55 55 52 55 48 57 64 56 53 58 47 45 39 57 
1590 214 206 183 171 176 164 123 134 108 111 749 28 36 55 54 52 54 49 58 62 59 52 57 49 45 39 
1580 193 223 185 165 153 178 151 112 121 99 769 35 50 38 54 53 52 55 47 59 62 60 52 58 49 45 
1585 200 206 184 171 156 155 159 142 104 108 772 18 64 49 37 53 56 52 52 50 57 65 56 54 58 51 
1582 200 205 177 177 156 149 149 145 134 90 781 30 46 65 47 39 53 55 54 52 51 57 65 56 52 59 
1589 177 218 185 163 168 147 149 136 132 114 774 33 48 46 61 49 41 50 57 55 52 52 54 67 57 52 
1601 205 188 197 164 161 164 122 154 117 129 757 18 51 47 44 64 45 42 51 56 57 52 52 54 68 56 
1636 225 221 174 184 157 161 148 119 142 105 738 23 33 51 45 45 64 46 43 50 56 56 53 52 54 67 
1660 202 242 187 168 171 157 152 142 105 134 717 29 41 31 51 44 46 66 45 43 50 56 57 52 53 53 
1673 206 228 216 176 159 168 158 139 118 105 708 19 52 41 32 49 46 46 65 45 44 50 55 58 52 54 
1694 200 206 199 202 176 160 154 144 140 113 693 19 37 53 41 34 45 48 44 69 44 43 52 54 58 52 
1716 195 231 180 185 194 172 158 145 125 131 688 20 46 35 53 41 35 46 48 40 70 47 42 53 53 59 
1729 201 223 208 160 175 183 168 153 142 116 676 35 33 43 38 52 36 37 48 47 40 72 48 42 53 52 
1756 208 223 190 193 157 169 179 159 141 137 668 29 47 33 44 39 49 37 40 48 47 37 73 50 42 53 
1757 210 228 202 173 172 161 158 166 145 142 659 30 41 46 35 42 39 51 38 37 50 45 37 73 52 43 
1770 217 250 206 172 168 165 162 148 149 133 658 25 50 39 45 38 37 41 52 39 37 51 45 37 71 51 
1752 203 219 214 195 153 170 162 155 135 146 654 20 50 48 42 43 38 39 41 51 38 40 48 46 39 71 
1761 216 240 201 193 182 154 162 150 144 119 624 23 38 46 51 39 45 36 39 44 51 37 42 46 47 40 
1759 225 215 198 187 178 178 155 144 142 137 637 30 45 39 46 45 41 44 41 38 43 52 37 43 46 47 
1755 215 251 185 186 169 176 183 134 130 126 640 28 52 42 41 48 41 42 47 36 42 42 53 37 44 45 
1741 204 235 216 171 169 174 165 159 131 117 645 19 57 54 39 41 45 45 41 48 37 40 44 54 37 44 
1759 216 213 205 211 157 176 159 149 153 120 665 30 53 55 55 38 41 46 45 40 48 39 40 44 52 39 
1759 218 220 194 178 202 160 156 152 144 135 668 20 51 53 51 56 37 42 49 43 40 50 38 42 44 52 
1753 204 249 196 174 174 187 160 146 133 130 675 30 49 51 51 52 51 41 42 48 43 41 50 39 43 44 
1751 214 211 224 184 164 166 168 157 140 123 682 23 56 49 51 50 54 50 42 43 48 40 43 50 39 44 
1746 209 232 193 188 181 161 157 156 131 138 704 38 51 54 49 49 54 53 44 47 43 49 40 44 50 39 
1734 210 234 199 174 185 176 145 145 140 126 731 37 65 50 54 47 52 52 54 43 50 41 52 38 41 55 
1733 218 216 210 180 168 169 168 137 130 137 730 31 60 64 49 53 50 52 52 55 42 50 41 52 39 40 
1710 218 222 188 190 180 157 157 155 124 119 742 28 53 57 67 46 57 47 54 53 54 43 50 42 48 43 
1703 213 224 197 163 185 177 157 137 142 108 753 25 56 51 56 65 48 58 48 54 55 52 44 50 42 49 
1723 198 249 194 188 160 162 179 142 121 130 773 43 50 57 48 59 62 50 55 53 52 55 53 45 50 41 
1704 212 205 207 182 179 158 154 160 133 114 788 28 69 50 56 48 56 65 51 57 53 51 55 54 45 50 
1710 208 218 187 185 176 164 155 146 145 126 787 25 51 67 53 53 49 55 68 49 57 54 52 54 55 45 